1.460500000000000131e-01
1.460627000000000175e-01
1.460754000000000219e-01
1.460881000000000263e-01
1.461008000000000029e-01
1.461135000000000073e-01
1.461262000000000116e-01
1.461389000000000160e-01
1.461516000000000204e-01
1.461643000000000248e-01
1.461770000000000014e-01
1.461897000000000058e-01
1.462024000000000101e-01
1.462151000000000145e-01
1.462278000000000189e-01
1.462405000000000233e-01
1.462531999999999999e-01
1.462659000000000042e-01
1.462786000000000086e-01
1.462913000000000130e-01
1.463040000000000174e-01
1.463167000000000217e-01
1.463294000000000261e-01
1.463421000000000027e-01
1.463548000000000071e-01
1.463675000000000115e-01
1.463802000000000159e-01
1.463929000000000202e-01
1.464056000000000246e-01
1.464183000000000012e-01
1.464310000000000056e-01
1.464437000000000100e-01
1.464564000000000143e-01
1.464691000000000187e-01
1.464818000000000231e-01
1.464944999999999997e-01
1.465072000000000041e-01
1.465199000000000085e-01
1.465326000000000128e-01
1.465453000000000172e-01
1.465580000000000216e-01
1.465707000000000260e-01
1.465834000000000026e-01
1.465961000000000070e-01
1.466088000000000113e-01
1.466215000000000157e-01
1.466342000000000201e-01
1.466469000000000245e-01
1.466596000000000011e-01
1.466723000000000054e-01
1.466850000000000098e-01
1.466977000000000142e-01
1.467104000000000186e-01
1.467231000000000229e-01
1.467357999999999996e-01
1.467485000000000039e-01
1.467612000000000083e-01
1.467739000000000127e-01
1.467866000000000171e-01
1.467993000000000214e-01
1.468120000000000258e-01
1.468247000000000024e-01
1.468374000000000068e-01
1.468501000000000112e-01
1.468628000000000156e-01
1.468755000000000199e-01
1.468882000000000243e-01
1.469009000000000009e-01
1.469136000000000053e-01
1.469263000000000097e-01
1.469390000000000140e-01
1.469517000000000184e-01
1.469644000000000228e-01
1.469770999999999994e-01
1.469898000000000038e-01
1.470025000000000082e-01
1.470152000000000125e-01
1.470279000000000169e-01
1.470406000000000213e-01
1.470533000000000257e-01
1.470660000000000023e-01
1.470787000000000067e-01
1.470914000000000110e-01
1.471041000000000154e-01
1.471168000000000198e-01
1.471295000000000242e-01
1.471422000000000008e-01
1.471549000000000051e-01
1.471676000000000095e-01
1.471803000000000139e-01
1.471930000000000183e-01
1.472057000000000226e-01
1.472183999999999993e-01
1.472311000000000036e-01
1.472438000000000080e-01
1.472565000000000124e-01
1.472692000000000168e-01
1.472819000000000211e-01
1.472946000000000255e-01
1.473073000000000021e-01
1.473200000000000065e-01
1.473327000000000109e-01
1.473454000000000153e-01
1.473581000000000196e-01
1.473708000000000240e-01
1.473835000000000006e-01
1.473962000000000050e-01
1.474089000000000094e-01
1.474216000000000137e-01
1.474343000000000181e-01
1.474470000000000225e-01
1.474596999999999991e-01
1.474724000000000035e-01
1.474851000000000079e-01
1.474978000000000122e-01
1.475105000000000166e-01
1.475232000000000210e-01
1.475359000000000254e-01
1.475486000000000020e-01
1.475613000000000063e-01
1.475740000000000107e-01
1.475867000000000151e-01
1.475994000000000195e-01
1.476121000000000238e-01
1.476248000000000005e-01
1.476375000000000048e-01
1.476502000000000092e-01
1.476629000000000136e-01
1.476756000000000180e-01
1.476883000000000223e-01
1.477009999999999990e-01
1.477137000000000033e-01
1.477264000000000077e-01
1.477391000000000121e-01
1.477518000000000165e-01
1.477645000000000208e-01
1.477772000000000252e-01
1.477899000000000018e-01
1.478026000000000062e-01
1.478153000000000106e-01
1.478280000000000149e-01
1.478407000000000193e-01
1.478534000000000237e-01
1.478661000000000003e-01
1.478788000000000047e-01
1.478915000000000091e-01
1.479042000000000134e-01
1.479169000000000178e-01
1.479296000000000222e-01
1.479422999999999988e-01
1.479550000000000032e-01
1.479677000000000076e-01
1.479804000000000119e-01
1.479931000000000163e-01
1.480058000000000207e-01
1.480184999999999973e-01
1.480312000000000017e-01
1.480439000000000060e-01
1.480566000000000104e-01
1.480693000000000148e-01
1.480820000000000192e-01
1.480947000000000235e-01
1.481074000000000002e-01
1.481201000000000045e-01
1.481328000000000089e-01
1.481455000000000133e-01
1.481582000000000177e-01
1.481709000000000220e-01
1.481835999999999987e-01
1.481963000000000030e-01
1.482090000000000074e-01
1.482217000000000118e-01
1.482344000000000162e-01
1.482471000000000205e-01
1.482597999999999971e-01
1.482725000000000015e-01
1.482852000000000059e-01
1.482979000000000103e-01
1.483106000000000146e-01
1.483233000000000190e-01
1.483360000000000234e-01
1.483487000000000000e-01
1.483614000000000044e-01
1.483741000000000088e-01
1.483868000000000131e-01
1.483995000000000175e-01
1.484122000000000219e-01
1.484248999999999985e-01
1.484376000000000029e-01
1.484503000000000073e-01
1.484630000000000116e-01
1.484757000000000160e-01
1.484884000000000204e-01
1.485010999999999970e-01
1.485138000000000014e-01
1.485265000000000057e-01
1.485392000000000101e-01
1.485519000000000145e-01
1.485646000000000189e-01
1.485773000000000232e-01
1.485899999999999999e-01
1.486027000000000042e-01
1.486154000000000086e-01
1.486281000000000130e-01
1.486408000000000174e-01
1.486535000000000217e-01
1.486661999999999983e-01
1.486789000000000027e-01
1.486916000000000071e-01
1.487043000000000115e-01
1.487170000000000158e-01
1.487297000000000202e-01
1.487423999999999968e-01
1.487551000000000012e-01
1.487678000000000056e-01
1.487805000000000100e-01
1.487932000000000143e-01
1.488059000000000187e-01
1.488186000000000231e-01
1.488312999999999997e-01
1.488440000000000041e-01
1.488567000000000085e-01
1.488694000000000128e-01
1.488821000000000172e-01
1.488948000000000216e-01
1.489074999999999982e-01
1.489202000000000026e-01
1.489329000000000069e-01
1.489456000000000113e-01
1.489583000000000157e-01
1.489710000000000201e-01
1.489836999999999967e-01
1.489964000000000011e-01
1.490091000000000054e-01
1.490218000000000098e-01
1.490345000000000142e-01
1.490472000000000186e-01
1.490599000000000229e-01
1.490725999999999996e-01
1.490853000000000039e-01
1.490980000000000083e-01
1.491107000000000127e-01
1.491234000000000171e-01
1.491361000000000214e-01
1.491487999999999980e-01
1.491615000000000024e-01
1.491742000000000068e-01
1.491869000000000112e-01
1.491996000000000155e-01
1.492123000000000199e-01
1.492249999999999965e-01
1.492377000000000009e-01
1.492504000000000053e-01
1.492631000000000097e-01
1.492758000000000140e-01
1.492885000000000184e-01
1.493012000000000228e-01
1.493138999999999994e-01
1.493266000000000038e-01
1.493393000000000082e-01
1.493520000000000125e-01
1.493647000000000169e-01
1.493774000000000213e-01
1.493900999999999979e-01
1.494028000000000023e-01
1.494155000000000066e-01
1.494282000000000110e-01
1.494409000000000154e-01
1.494536000000000198e-01
1.494662999999999964e-01
1.494790000000000008e-01
1.494917000000000051e-01
1.495044000000000095e-01
1.495171000000000139e-01
1.495298000000000183e-01
1.495425000000000226e-01
1.495551999999999992e-01
1.495679000000000036e-01
1.495806000000000080e-01
1.495933000000000124e-01
1.496060000000000167e-01
1.496187000000000211e-01
1.496313999999999977e-01
1.496441000000000021e-01
1.496568000000000065e-01
1.496695000000000109e-01
1.496822000000000152e-01
1.496949000000000196e-01
1.497075999999999962e-01
1.497203000000000006e-01
1.497330000000000050e-01
1.497457000000000094e-01
1.497584000000000137e-01
1.497711000000000181e-01
1.497838000000000225e-01
1.497964999999999991e-01
1.498092000000000035e-01
1.498219000000000078e-01
1.498346000000000122e-01
1.498473000000000166e-01
1.498600000000000210e-01
1.498726999999999976e-01
1.498854000000000020e-01
1.498981000000000063e-01
1.499108000000000107e-01
1.499235000000000151e-01
1.499362000000000195e-01
1.499488999999999961e-01
1.499616000000000005e-01
1.499743000000000048e-01
1.499870000000000092e-01
1.499997000000000136e-01
1.500124000000000180e-01
1.500251000000000223e-01
1.500377999999999989e-01
1.500505000000000033e-01
1.500632000000000077e-01
1.500759000000000121e-01
1.500886000000000164e-01
1.501013000000000208e-01
1.501139999999999974e-01
1.501267000000000018e-01
1.501394000000000062e-01
1.501521000000000106e-01
1.501648000000000149e-01
1.501775000000000193e-01
1.501901999999999959e-01
1.502029000000000003e-01
1.502156000000000047e-01
1.502283000000000091e-01
1.502410000000000134e-01
1.502537000000000178e-01
1.502664000000000222e-01
1.502790999999999988e-01
1.502918000000000032e-01
1.503045000000000075e-01
1.503172000000000119e-01
1.503299000000000163e-01
1.503426000000000207e-01
1.503552999999999973e-01
1.503680000000000017e-01
1.503807000000000060e-01
1.503934000000000104e-01
1.504061000000000148e-01
1.504188000000000192e-01
1.504314999999999958e-01
1.504442000000000002e-01
1.504569000000000045e-01
1.504696000000000089e-01
1.504823000000000133e-01
1.504950000000000176e-01
1.505077000000000220e-01
1.505203999999999986e-01
1.505331000000000030e-01
1.505458000000000074e-01
1.505585000000000118e-01
1.505712000000000161e-01
1.505839000000000205e-01
1.505965999999999971e-01
1.506093000000000015e-01
1.506220000000000059e-01
1.506347000000000103e-01
1.506474000000000146e-01
1.506601000000000190e-01
1.506727999999999956e-01
1.506855000000000000e-01
1.506982000000000044e-01
1.507109000000000087e-01
1.507236000000000131e-01
1.507363000000000175e-01
1.507490000000000219e-01
1.507616999999999985e-01
1.507744000000000029e-01
1.507871000000000072e-01
1.507998000000000116e-01
1.508125000000000160e-01
1.508252000000000204e-01
1.508378999999999970e-01
1.508506000000000014e-01
1.508633000000000057e-01
1.508760000000000101e-01
1.508887000000000145e-01
1.509014000000000189e-01
1.509140999999999955e-01
1.509267999999999998e-01
1.509395000000000042e-01
1.509522000000000086e-01
1.509649000000000130e-01
1.509776000000000173e-01
1.509903000000000217e-01
1.510029999999999983e-01
1.510157000000000027e-01
1.510284000000000071e-01
1.510411000000000115e-01
1.510538000000000158e-01
1.510665000000000202e-01
1.510791999999999968e-01
1.510919000000000012e-01
1.511046000000000056e-01
1.511173000000000100e-01
1.511300000000000143e-01
1.511427000000000187e-01
1.511553999999999953e-01
1.511680999999999997e-01
1.511808000000000041e-01
1.511935000000000084e-01
1.512062000000000128e-01
1.512189000000000172e-01
1.512316000000000216e-01
1.512442999999999982e-01
1.512570000000000026e-01
1.512697000000000069e-01
1.512824000000000113e-01
1.512951000000000157e-01
1.513078000000000201e-01
1.513204999999999967e-01
1.513332000000000011e-01
1.513459000000000054e-01
1.513586000000000098e-01
1.513713000000000142e-01
1.513840000000000185e-01
1.513966999999999952e-01
1.514093999999999995e-01
1.514221000000000039e-01
1.514348000000000083e-01
1.514475000000000127e-01
1.514602000000000170e-01
1.514729000000000214e-01
1.514855999999999980e-01
1.514983000000000024e-01
1.515110000000000068e-01
1.515237000000000112e-01
1.515364000000000155e-01
1.515491000000000199e-01
1.515617999999999965e-01
1.515745000000000009e-01
1.515872000000000053e-01
1.515999000000000096e-01
1.516126000000000140e-01
1.516253000000000184e-01
1.516379999999999950e-01
1.516506999999999994e-01
1.516634000000000038e-01
1.516761000000000081e-01
1.516888000000000125e-01
1.517015000000000169e-01
1.517142000000000213e-01
1.517268999999999979e-01
1.517396000000000023e-01
1.517523000000000066e-01
1.517650000000000110e-01
1.517777000000000154e-01
1.517904000000000198e-01
1.518030999999999964e-01
1.518158000000000007e-01
1.518285000000000051e-01
1.518412000000000095e-01
1.518539000000000139e-01
1.518666000000000182e-01
1.518792999999999949e-01
1.518919999999999992e-01
1.519047000000000036e-01
1.519174000000000080e-01
1.519301000000000124e-01
1.519428000000000167e-01
1.519555000000000211e-01
1.519681999999999977e-01
1.519809000000000021e-01
1.519936000000000065e-01
1.520063000000000109e-01
1.520190000000000152e-01
1.520317000000000196e-01
1.520443999999999962e-01
1.520571000000000006e-01
1.520698000000000050e-01
1.520825000000000093e-01
1.520952000000000137e-01
1.521079000000000181e-01
1.521205999999999947e-01
1.521332999999999991e-01
1.521460000000000035e-01
1.521587000000000078e-01
1.521714000000000122e-01
1.521841000000000166e-01
1.521968000000000210e-01
1.522094999999999976e-01
1.522222000000000020e-01
1.522349000000000063e-01
1.522476000000000107e-01
1.522603000000000151e-01
1.522730000000000194e-01
1.522856999999999961e-01
1.522984000000000004e-01
1.523111000000000048e-01
1.523238000000000092e-01
1.523365000000000136e-01
1.523492000000000179e-01
1.523618999999999946e-01
1.523745999999999989e-01
1.523873000000000033e-01
1.524000000000000077e-01
