0.000000000000000000e+00
3.200000000000000067e-07
6.400000000000000134e-07
9.600000000000001260e-07
1.280000000000000027e-06
1.599999999999999928e-06
1.920000000000000252e-06
2.240000000000000153e-06
2.560000000000000054e-06
2.879999999999999954e-06
3.199999999999999855e-06
3.520000000000000180e-06
3.840000000000000504e-06
4.159999999999999981e-06
4.480000000000000305e-06
4.799999999999999783e-06
5.120000000000000107e-06
5.440000000000000431e-06
5.759999999999999909e-06
6.080000000000000233e-06
6.399999999999999710e-06
6.720000000000000035e-06
7.040000000000000359e-06
7.359999999999999836e-06
7.680000000000001008e-06
7.999999999999999638e-06
8.319999999999999962e-06
8.640000000000000287e-06
8.960000000000000611e-06
9.280000000000000935e-06
9.599999999999999566e-06
9.919999999999999890e-06
1.024000000000000021e-05
1.056000000000000054e-05
1.088000000000000086e-05
1.119999999999999949e-05
1.151999999999999982e-05
1.184000000000000014e-05
1.216000000000000047e-05
1.248000000000000079e-05
1.279999999999999942e-05
1.311999999999999975e-05
1.344000000000000007e-05
1.376000000000000039e-05
1.408000000000000072e-05
1.440000000000000104e-05
1.471999999999999967e-05
1.504000000000000000e-05
1.536000000000000202e-05
1.567999999999999895e-05
1.599999999999999928e-05
1.631999999999999960e-05
1.663999999999999992e-05
1.696000000000000025e-05
1.728000000000000057e-05
1.760000000000000090e-05
1.792000000000000122e-05
1.824000000000000155e-05
1.856000000000000187e-05
1.887999999999999881e-05
1.919999999999999913e-05
1.951999999999999946e-05
1.983999999999999978e-05
2.016000000000000010e-05
2.048000000000000043e-05
2.080000000000000075e-05
2.112000000000000108e-05
2.144000000000000140e-05
2.176000000000000173e-05
2.208000000000000205e-05
2.239999999999999899e-05
2.271999999999999931e-05
2.303999999999999964e-05
2.335999999999999996e-05
2.368000000000000028e-05
2.400000000000000061e-05
2.432000000000000093e-05
2.464000000000000126e-05
2.496000000000000158e-05
2.528000000000000191e-05
2.559999999999999884e-05
2.591999999999999917e-05
2.623999999999999949e-05
2.655999999999999981e-05
2.688000000000000014e-05
2.720000000000000046e-05
2.752000000000000079e-05
2.784000000000000111e-05
2.816000000000000144e-05
2.848000000000000176e-05
2.880000000000000208e-05
2.911999999999999902e-05
2.943999999999999935e-05
2.975999999999999967e-05
3.007999999999999999e-05
3.040000000000000032e-05
3.072000000000000403e-05
3.104000000000000097e-05
3.135999999999999790e-05
3.168000000000000162e-05
3.199999999999999855e-05
3.232000000000000226e-05
3.263999999999999920e-05
3.296000000000000291e-05
3.327999999999999985e-05
3.360000000000000356e-05
3.392000000000000050e-05
3.423999999999999743e-05
3.456000000000000115e-05
3.487999999999999808e-05
3.520000000000000180e-05
3.551999999999999873e-05
3.584000000000000244e-05
3.615999999999999938e-05
3.648000000000000309e-05
3.680000000000000003e-05
3.712000000000000374e-05
3.744000000000000068e-05
3.775999999999999761e-05
3.808000000000000133e-05
3.839999999999999826e-05
3.872000000000000197e-05
3.903999999999999891e-05
3.936000000000000262e-05
3.967999999999999956e-05
4.000000000000000327e-05
4.032000000000000021e-05
4.064000000000000392e-05
4.096000000000000086e-05
4.127999999999999779e-05
4.160000000000000151e-05
4.191999999999999844e-05
4.224000000000000215e-05
4.255999999999999909e-05
4.288000000000000280e-05
4.319999999999999974e-05
4.352000000000000345e-05
4.384000000000000039e-05
4.416000000000000410e-05
4.448000000000000104e-05
4.479999999999999797e-05
4.512000000000000169e-05
4.543999999999999862e-05
4.576000000000000233e-05
4.607999999999999927e-05
4.640000000000000298e-05
4.671999999999999992e-05
4.704000000000000363e-05
4.736000000000000057e-05
4.768000000000000428e-05
4.800000000000000122e-05
4.831999999999999815e-05
4.864000000000000186e-05
4.895999999999999880e-05
4.928000000000000251e-05
4.959999999999999945e-05
4.992000000000000316e-05
5.024000000000000010e-05
5.056000000000000381e-05
5.088000000000000075e-05
5.119999999999999768e-05
5.152000000000000140e-05
5.183999999999999833e-05
5.216000000000000204e-05
5.247999999999999898e-05
5.280000000000000269e-05
5.311999999999999963e-05
5.344000000000000334e-05
5.376000000000000028e-05
5.408000000000000399e-05
5.440000000000000093e-05
5.471999999999999786e-05
5.504000000000000158e-05
5.535999999999999851e-05
5.568000000000000222e-05
5.599999999999999916e-05
5.632000000000000287e-05
5.663999999999999981e-05
5.696000000000000352e-05
5.728000000000000046e-05
5.760000000000000417e-05
5.792000000000000111e-05
5.823999999999999804e-05
5.856000000000000175e-05
5.887999999999999869e-05
5.920000000000000240e-05
5.951999999999999934e-05
5.984000000000000305e-05
6.015999999999999999e-05
6.048000000000000370e-05
6.080000000000000064e-05
6.111999999999999757e-05
6.144000000000000806e-05
6.176000000000000500e-05
6.208000000000000193e-05
6.239999999999999887e-05
6.271999999999999581e-05
6.304000000000000630e-05
6.336000000000000323e-05
6.368000000000000017e-05
6.399999999999999710e-05
6.432000000000000759e-05
6.464000000000000453e-05
6.496000000000000147e-05
6.527999999999999840e-05
6.559999999999999534e-05
6.592000000000000583e-05
6.624000000000000276e-05
6.655999999999999970e-05
6.687999999999999663e-05
6.720000000000000712e-05
6.752000000000000406e-05
6.784000000000000100e-05
6.815999999999999793e-05
6.847999999999999487e-05
6.880000000000000536e-05
6.912000000000000229e-05
6.943999999999999923e-05
6.975999999999999617e-05
7.008000000000000665e-05
7.040000000000000359e-05
7.072000000000000053e-05
7.103999999999999746e-05
7.136000000000000795e-05
7.168000000000000489e-05
7.200000000000000182e-05
7.231999999999999876e-05
7.263999999999999570e-05
7.296000000000000619e-05
7.328000000000000312e-05
7.360000000000000006e-05
7.391999999999999699e-05
7.424000000000000748e-05
7.456000000000000442e-05
7.488000000000000135e-05
7.519999999999999829e-05
7.551999999999999523e-05
7.584000000000000572e-05
7.616000000000000265e-05
7.647999999999999959e-05
7.679999999999999652e-05
7.712000000000000701e-05
7.744000000000000395e-05
7.776000000000000089e-05
7.807999999999999782e-05
7.840000000000000831e-05
7.872000000000000525e-05
7.904000000000000218e-05
7.935999999999999912e-05
7.967999999999999606e-05
8.000000000000000654e-05
8.032000000000000348e-05
8.064000000000000042e-05
8.095999999999999735e-05
8.128000000000000784e-05
8.160000000000000478e-05
8.192000000000000171e-05
8.223999999999999865e-05
8.255999999999999559e-05
8.288000000000000608e-05
8.320000000000000301e-05
8.351999999999999995e-05
8.383999999999999688e-05
8.416000000000000737e-05
8.448000000000000431e-05
8.480000000000000124e-05
8.511999999999999818e-05
8.543999999999999512e-05
8.576000000000000561e-05
8.608000000000000254e-05
8.639999999999999948e-05
8.671999999999999641e-05
8.704000000000000690e-05
8.736000000000000384e-05
8.768000000000000078e-05
8.799999999999999771e-05
8.832000000000000820e-05
8.864000000000000514e-05
8.896000000000000207e-05
8.927999999999999901e-05
8.959999999999999595e-05
8.992000000000000643e-05
9.024000000000000337e-05
9.056000000000000031e-05
9.087999999999999724e-05
9.120000000000000773e-05
9.152000000000000467e-05
9.184000000000000160e-05
9.215999999999999854e-05
9.247999999999999548e-05
9.280000000000000597e-05
9.312000000000000290e-05
9.343999999999999984e-05
9.375999999999999677e-05
9.408000000000000726e-05
9.440000000000000420e-05
9.472000000000000113e-05
9.503999999999999807e-05
9.536000000000000856e-05
9.568000000000000550e-05
9.600000000000000243e-05
9.631999999999999937e-05
9.663999999999999630e-05
9.696000000000000679e-05
9.728000000000000373e-05
9.760000000000000067e-05
9.791999999999999760e-05
9.824000000000000809e-05
9.856000000000000503e-05
9.888000000000000196e-05
9.919999999999999890e-05
9.951999999999999584e-05
9.984000000000000632e-05
1.001600000000000033e-04
1.004800000000000002e-04
1.007999999999999971e-04
1.011200000000000076e-04
1.014400000000000046e-04
1.017600000000000015e-04
1.020799999999999984e-04
1.023999999999999954e-04
1.027200000000000059e-04
1.030400000000000028e-04
1.033599999999999997e-04
1.036799999999999967e-04
1.040000000000000072e-04
1.043200000000000041e-04
1.046400000000000010e-04
1.049599999999999980e-04
1.052800000000000084e-04
1.056000000000000054e-04
1.059200000000000023e-04
1.062399999999999993e-04
1.065599999999999962e-04
1.068800000000000067e-04
1.072000000000000036e-04
1.075200000000000006e-04
1.078399999999999975e-04
1.081600000000000080e-04
1.084800000000000049e-04
1.088000000000000019e-04
1.091199999999999988e-04
1.094399999999999957e-04
1.097600000000000062e-04
1.100800000000000032e-04
1.104000000000000001e-04
1.107199999999999970e-04
1.110400000000000075e-04
1.113600000000000044e-04
1.116800000000000014e-04
1.119999999999999983e-04
1.123200000000000088e-04
1.126400000000000057e-04
1.129600000000000027e-04
1.132799999999999996e-04
1.135999999999999966e-04
1.139200000000000070e-04
1.142400000000000040e-04
1.145600000000000009e-04
1.148799999999999979e-04
1.152000000000000083e-04
1.155200000000000053e-04
1.158400000000000022e-04
1.161599999999999991e-04
1.164799999999999961e-04
1.168000000000000066e-04
1.171200000000000035e-04
1.174400000000000004e-04
1.177599999999999974e-04
1.180800000000000079e-04
1.184000000000000048e-04
1.187200000000000017e-04
1.190399999999999987e-04
1.193600000000000092e-04
1.196800000000000061e-04
1.200000000000000030e-04
1.203200000000000000e-04
1.206399999999999969e-04
1.209600000000000074e-04
1.212800000000000043e-04
1.216000000000000013e-04
1.219199999999999982e-04
1.222399999999999951e-04
1.225599999999999921e-04
1.228800000000000161e-04
1.232000000000000131e-04
1.235200000000000100e-04
1.238400000000000069e-04
1.241600000000000039e-04
1.244800000000000008e-04
1.247999999999999977e-04
1.251199999999999947e-04
1.254399999999999916e-04
1.257600000000000157e-04
1.260800000000000126e-04
1.264000000000000095e-04
1.267200000000000065e-04
1.270400000000000034e-04
1.273600000000000003e-04
1.276799999999999973e-04
1.279999999999999942e-04
1.283199999999999911e-04
1.286400000000000152e-04
1.289600000000000121e-04
1.292800000000000091e-04
1.296000000000000060e-04
1.299200000000000029e-04
1.302399999999999999e-04
1.305599999999999968e-04
1.308799999999999937e-04
1.311999999999999907e-04
1.315200000000000147e-04
1.318400000000000117e-04
1.321600000000000086e-04
1.324800000000000055e-04
1.328000000000000025e-04
1.331199999999999994e-04
1.334399999999999963e-04
1.337599999999999933e-04
1.340799999999999902e-04
1.344000000000000142e-04
1.347200000000000112e-04
1.350400000000000081e-04
1.353600000000000051e-04
1.356800000000000020e-04
1.359999999999999989e-04
1.363199999999999959e-04
1.366399999999999928e-04
1.369599999999999897e-04
1.372800000000000138e-04
1.376000000000000107e-04
1.379200000000000077e-04
1.382400000000000046e-04
1.385600000000000015e-04
1.388799999999999985e-04
1.391999999999999954e-04
1.395199999999999923e-04
1.398400000000000164e-04
1.401600000000000133e-04
1.404800000000000102e-04
1.408000000000000072e-04
1.411200000000000041e-04
1.414400000000000011e-04
1.417599999999999980e-04
1.420799999999999949e-04
1.423999999999999919e-04
1.427200000000000159e-04
1.430400000000000128e-04
1.433600000000000098e-04
1.436800000000000067e-04
1.440000000000000036e-04
1.443200000000000006e-04
1.446399999999999975e-04
1.449599999999999945e-04
1.452799999999999914e-04
1.456000000000000154e-04
1.459200000000000124e-04
1.462400000000000093e-04
1.465600000000000062e-04
1.468800000000000032e-04
1.472000000000000001e-04
1.475199999999999971e-04
1.478399999999999940e-04
1.481599999999999909e-04
1.484800000000000150e-04
1.488000000000000119e-04
1.491200000000000088e-04
1.494400000000000058e-04
1.497600000000000027e-04
1.500799999999999996e-04
1.503999999999999966e-04
1.507199999999999935e-04
1.510399999999999905e-04
1.513600000000000145e-04
1.516800000000000114e-04
1.520000000000000084e-04
1.523200000000000053e-04
1.526400000000000022e-04
1.529599999999999992e-04
1.532799999999999961e-04
1.535999999999999930e-04
1.539199999999999900e-04
1.542400000000000140e-04
1.545600000000000110e-04
1.548800000000000079e-04
1.552000000000000048e-04
1.555200000000000018e-04
1.558399999999999987e-04
1.561599999999999956e-04
1.564799999999999926e-04
1.568000000000000166e-04
1.571200000000000136e-04
1.574400000000000105e-04
1.577600000000000074e-04
1.580800000000000044e-04
1.584000000000000013e-04
1.587199999999999982e-04
1.590399999999999952e-04
1.593599999999999921e-04
1.596800000000000162e-04
1.600000000000000131e-04
1.603200000000000100e-04
1.606400000000000070e-04
1.609600000000000039e-04
1.612800000000000008e-04
1.615999999999999978e-04
1.619199999999999947e-04
1.622399999999999916e-04
1.625600000000000157e-04
1.628800000000000126e-04
1.632000000000000096e-04
1.635200000000000065e-04
1.638400000000000034e-04
1.641600000000000004e-04
1.644799999999999973e-04
1.647999999999999942e-04
1.651199999999999912e-04
1.654400000000000152e-04
1.657600000000000122e-04
1.660800000000000091e-04
1.664000000000000060e-04
1.667200000000000030e-04
1.670399999999999999e-04
1.673599999999999968e-04
1.676799999999999938e-04
1.679999999999999907e-04
1.683200000000000147e-04
1.686400000000000117e-04
1.689600000000000086e-04
1.692800000000000056e-04
1.696000000000000025e-04
1.699199999999999994e-04
1.702399999999999964e-04
1.705599999999999933e-04
1.708799999999999902e-04
1.712000000000000143e-04
1.715200000000000112e-04
1.718400000000000081e-04
1.721600000000000051e-04
1.724800000000000020e-04
1.727999999999999990e-04
1.731199999999999959e-04
1.734399999999999928e-04
1.737600000000000169e-04
1.740800000000000138e-04
1.744000000000000107e-04
1.747200000000000077e-04
1.750400000000000046e-04
1.753600000000000016e-04
1.756799999999999985e-04
1.759999999999999954e-04
1.763199999999999924e-04
1.766400000000000164e-04
1.769600000000000133e-04
1.772800000000000103e-04
1.776000000000000072e-04
1.779200000000000041e-04
1.782400000000000011e-04
1.785599999999999980e-04
1.788799999999999950e-04
1.791999999999999919e-04
1.795200000000000159e-04
1.798400000000000129e-04
1.801600000000000098e-04
1.804800000000000067e-04
1.808000000000000037e-04
1.811200000000000006e-04
1.814399999999999975e-04
1.817599999999999945e-04
1.820799999999999914e-04
1.824000000000000155e-04
1.827200000000000124e-04
1.830400000000000093e-04
1.833600000000000063e-04
1.836800000000000032e-04
1.840000000000000001e-04
1.843199999999999971e-04
1.846399999999999940e-04
1.849599999999999910e-04
1.852800000000000150e-04
1.856000000000000119e-04
1.859200000000000089e-04
1.862400000000000058e-04
1.865600000000000027e-04
1.868799999999999997e-04
1.871999999999999966e-04
1.875199999999999935e-04
1.878399999999999905e-04
1.881600000000000145e-04
1.884800000000000115e-04
1.888000000000000084e-04
1.891200000000000053e-04
1.894400000000000023e-04
1.897599999999999992e-04
1.900799999999999961e-04
1.903999999999999931e-04
1.907200000000000171e-04
1.910400000000000141e-04
1.913600000000000110e-04
1.916800000000000079e-04
1.920000000000000049e-04
1.923200000000000018e-04
1.926399999999999987e-04
1.929599999999999957e-04
1.932799999999999926e-04
1.936000000000000167e-04
1.939200000000000136e-04
1.942400000000000105e-04
1.945600000000000075e-04
1.948800000000000044e-04
1.952000000000000013e-04
1.955199999999999983e-04
1.958399999999999952e-04
1.961599999999999921e-04
1.964800000000000162e-04
1.968000000000000131e-04
1.971200000000000101e-04
1.974400000000000070e-04
1.977600000000000039e-04
1.980800000000000009e-04
1.983999999999999978e-04
1.987199999999999947e-04
1.990399999999999917e-04
1.993600000000000157e-04
1.996800000000000126e-04
2.000000000000000096e-04
2.003200000000000065e-04
2.006400000000000035e-04
2.009600000000000004e-04
2.012799999999999973e-04
2.015999999999999943e-04
2.019199999999999912e-04
2.022400000000000152e-04
2.025600000000000122e-04
2.028800000000000091e-04
2.032000000000000061e-04
2.035200000000000030e-04
2.038399999999999999e-04
2.041599999999999969e-04
2.044799999999999938e-04
2.047999999999999907e-04
2.051200000000000148e-04
2.054400000000000117e-04
2.057600000000000086e-04
2.060800000000000056e-04
2.064000000000000025e-04
2.067199999999999995e-04
2.070399999999999964e-04
2.073599999999999933e-04
2.076800000000000174e-04
2.080000000000000143e-04
2.083200000000000112e-04
2.086400000000000082e-04
2.089600000000000051e-04
2.092800000000000020e-04
2.095999999999999990e-04
2.099199999999999959e-04
2.102399999999999929e-04
2.105600000000000169e-04
2.108800000000000138e-04
2.112000000000000108e-04
2.115200000000000077e-04
2.118400000000000046e-04
2.121600000000000016e-04
2.124799999999999985e-04
2.127999999999999955e-04
2.131199999999999924e-04
2.134400000000000164e-04
2.137600000000000134e-04
2.140800000000000103e-04
2.144000000000000072e-04
2.147200000000000042e-04
2.150400000000000011e-04
2.153599999999999980e-04
2.156799999999999950e-04
2.159999999999999919e-04
2.163200000000000160e-04
2.166400000000000129e-04
2.169600000000000098e-04
2.172800000000000068e-04
2.176000000000000037e-04
2.179200000000000006e-04
2.182399999999999976e-04
2.185599999999999945e-04
2.188799999999999915e-04
2.192000000000000155e-04
2.195200000000000124e-04
2.198400000000000094e-04
2.201600000000000063e-04
2.204800000000000032e-04
2.208000000000000002e-04
2.211199999999999971e-04
2.214399999999999940e-04
2.217600000000000181e-04
2.220800000000000150e-04
2.224000000000000120e-04
2.227200000000000089e-04
2.230400000000000058e-04
2.233600000000000028e-04
2.236799999999999997e-04
2.239999999999999966e-04
2.243199999999999936e-04
2.246400000000000176e-04
2.249600000000000146e-04
2.252800000000000115e-04
2.256000000000000084e-04
2.259200000000000054e-04
2.262400000000000023e-04
2.265599999999999992e-04
2.268799999999999962e-04
2.271999999999999931e-04
2.275200000000000171e-04
2.278400000000000141e-04
2.281600000000000110e-04
2.284800000000000080e-04
2.288000000000000049e-04
2.291200000000000018e-04
2.294399999999999988e-04
2.297599999999999957e-04
2.300799999999999926e-04
2.304000000000000167e-04
2.307200000000000136e-04
2.310400000000000106e-04
2.313600000000000075e-04
2.316800000000000044e-04
2.320000000000000014e-04
2.323199999999999983e-04
2.326399999999999952e-04
2.329599999999999922e-04
2.332800000000000162e-04
2.336000000000000131e-04
2.339200000000000101e-04
2.342400000000000070e-04
2.345600000000000040e-04
2.348800000000000009e-04
2.351999999999999978e-04
2.355199999999999948e-04
2.358399999999999917e-04
2.361600000000000157e-04
2.364800000000000127e-04
2.368000000000000096e-04
2.371200000000000065e-04
2.374400000000000035e-04
2.377600000000000004e-04
2.380799999999999974e-04
2.383999999999999943e-04
2.387200000000000183e-04
2.390400000000000153e-04
2.393600000000000122e-04
2.396800000000000091e-04
2.400000000000000061e-04
2.403200000000000030e-04
2.406400000000000000e-04
2.409599999999999969e-04
2.412799999999999938e-04
2.416000000000000179e-04
2.419200000000000148e-04
2.422400000000000117e-04
2.425600000000000087e-04
2.428800000000000056e-04
2.432000000000000025e-04
2.435199999999999995e-04
2.438399999999999964e-04
2.441599999999999934e-04
2.444799999999999903e-04
2.447999999999999872e-04
2.451199999999999842e-04
2.454399999999999811e-04
2.457600000000000322e-04
2.460800000000000292e-04
2.464000000000000261e-04
2.467200000000000231e-04
2.470400000000000200e-04
2.473600000000000169e-04
2.476800000000000139e-04
2.480000000000000108e-04
2.483200000000000077e-04
2.486400000000000047e-04
2.489600000000000016e-04
2.492799999999999985e-04
2.495999999999999955e-04
2.499199999999999924e-04
2.502399999999999894e-04
2.505599999999999863e-04
2.508799999999999832e-04
2.511999999999999802e-04
2.515200000000000313e-04
2.518400000000000282e-04
2.521600000000000252e-04
2.524800000000000221e-04
2.528000000000000191e-04
2.531200000000000160e-04
2.534400000000000129e-04
2.537600000000000099e-04
2.540800000000000068e-04
2.544000000000000037e-04
2.547200000000000007e-04
2.550399999999999976e-04
2.553599999999999945e-04
2.556799999999999915e-04
2.559999999999999884e-04
2.563199999999999854e-04
2.566399999999999823e-04
2.569599999999999792e-04
2.572800000000000304e-04
2.576000000000000273e-04
2.579200000000000242e-04
2.582400000000000212e-04
2.585600000000000181e-04
2.588800000000000151e-04
2.592000000000000120e-04
2.595200000000000089e-04
2.598400000000000059e-04
2.601600000000000028e-04
2.604799999999999997e-04
2.607999999999999967e-04
2.611199999999999936e-04
2.614399999999999905e-04
2.617599999999999875e-04
2.620799999999999844e-04
2.623999999999999813e-04
2.627200000000000325e-04
2.630400000000000294e-04
2.633600000000000264e-04
2.636800000000000233e-04
2.640000000000000202e-04
2.643200000000000172e-04
2.646400000000000141e-04
2.649600000000000110e-04
2.652800000000000080e-04
2.656000000000000049e-04
2.659200000000000019e-04
2.662399999999999988e-04
2.665599999999999957e-04
2.668799999999999927e-04
2.671999999999999896e-04
2.675199999999999865e-04
2.678399999999999835e-04
2.681599999999999804e-04
2.684800000000000316e-04
2.688000000000000285e-04
2.691200000000000254e-04
2.694400000000000224e-04
2.697600000000000193e-04
2.700800000000000162e-04
2.704000000000000132e-04
2.707200000000000101e-04
2.710400000000000070e-04
2.713600000000000040e-04
2.716800000000000009e-04
2.719999999999999979e-04
2.723199999999999948e-04
2.726399999999999917e-04
2.729599999999999887e-04
2.732799999999999856e-04
2.735999999999999825e-04
2.739199999999999795e-04
2.742400000000000306e-04
2.745600000000000276e-04
2.748800000000000245e-04
2.752000000000000214e-04
2.755200000000000184e-04
2.758400000000000153e-04
2.761600000000000122e-04
2.764800000000000092e-04
2.768000000000000061e-04
2.771200000000000030e-04
2.774400000000000000e-04
2.777599999999999969e-04
2.780799999999999939e-04
2.783999999999999908e-04
2.787199999999999877e-04
2.790399999999999847e-04
2.793599999999999816e-04
2.796800000000000327e-04
2.800000000000000297e-04
2.803200000000000266e-04
2.806400000000000236e-04
2.809600000000000205e-04
2.812800000000000174e-04
2.816000000000000144e-04
2.819200000000000113e-04
2.822400000000000082e-04
2.825600000000000052e-04
2.828800000000000021e-04
2.831999999999999990e-04
2.835199999999999960e-04
2.838399999999999929e-04
2.841599999999999899e-04
2.844799999999999868e-04
2.847999999999999837e-04
2.851199999999999807e-04
2.854400000000000318e-04
2.857600000000000287e-04
2.860800000000000257e-04
2.864000000000000226e-04
2.867200000000000196e-04
2.870400000000000165e-04
2.873600000000000134e-04
2.876800000000000104e-04
2.880000000000000073e-04
2.883200000000000042e-04
2.886400000000000012e-04
2.889599999999999981e-04
2.892799999999999950e-04
2.895999999999999920e-04
2.899199999999999889e-04
2.902399999999999858e-04
2.905599999999999828e-04
2.908799999999999797e-04
2.912000000000000309e-04
2.915200000000000278e-04
2.918400000000000247e-04
2.921600000000000217e-04
2.924800000000000186e-04
2.928000000000000155e-04
2.931200000000000125e-04
2.934400000000000094e-04
2.937600000000000064e-04
2.940800000000000033e-04
2.944000000000000002e-04
2.947199999999999972e-04
2.950399999999999941e-04
2.953599999999999910e-04
2.956799999999999880e-04
2.959999999999999849e-04
2.963199999999999818e-04
2.966400000000000330e-04
2.969600000000000299e-04
2.972800000000000269e-04
2.976000000000000238e-04
2.979200000000000207e-04
2.982400000000000177e-04
2.985600000000000146e-04
2.988800000000000115e-04
2.992000000000000085e-04
2.995200000000000054e-04
2.998400000000000024e-04
3.001599999999999993e-04
3.004799999999999962e-04
3.007999999999999932e-04
3.011199999999999901e-04
3.014399999999999870e-04
3.017599999999999840e-04
3.020799999999999809e-04
3.024000000000000321e-04
3.027200000000000290e-04
3.030400000000000259e-04
3.033600000000000229e-04
3.036800000000000198e-04
3.040000000000000167e-04
3.043200000000000137e-04
3.046400000000000106e-04
3.049600000000000075e-04
3.052800000000000045e-04
3.056000000000000014e-04
3.059199999999999984e-04
3.062399999999999953e-04
3.065599999999999922e-04
3.068799999999999892e-04
3.071999999999999861e-04
3.075199999999999830e-04
3.078399999999999800e-04
3.081600000000000311e-04
3.084800000000000281e-04
3.088000000000000250e-04
3.091200000000000219e-04
3.094400000000000189e-04
3.097600000000000158e-04
3.100800000000000127e-04
3.104000000000000097e-04
3.107200000000000066e-04
3.110400000000000035e-04
3.113600000000000005e-04
3.116799999999999974e-04
3.119999999999999944e-04
3.123199999999999913e-04
3.126399999999999882e-04
3.129599999999999852e-04
3.132799999999999821e-04
3.136000000000000332e-04
3.139200000000000302e-04
3.142400000000000271e-04
3.145600000000000241e-04
3.148800000000000210e-04
3.152000000000000179e-04
3.155200000000000149e-04
3.158400000000000118e-04
3.161600000000000087e-04
3.164800000000000057e-04
3.168000000000000026e-04
3.171199999999999995e-04
3.174399999999999965e-04
3.177599999999999934e-04
3.180799999999999903e-04
3.183999999999999873e-04
3.187199999999999842e-04
3.190399999999999812e-04
3.193600000000000323e-04
3.196800000000000292e-04
